-5.29631e-09
2.75044e-08
4.77516e-08
4.66378e-08
2.49063e-08
-7.58956e-09
-3.63506e-08
-4.86982e-08
-3.93602e-08
-1.2717e-08
1.92473e-08
4.23324e-08
4.64274e-08
2.99361e-08
3.8655e-10
-2.90023e-08
-4.5231e-08
-4.12673e-08
-1.90895e-08
1.12889e-08
3.63377e-08
4.50338e-08
3.37092e-08
7.59309e-09
-2.1599e-08
-4.09181e-08
-4.19235e-08
-2.43677e-08
3.7824e-09
2.99584e-08
4.25994e-08
3.62562e-08
1.39364e-08
-1.43156e-08
-3.59363e-08
-4.14285e-08
-2.85303e-08
-3.14042e-09
2.33765e-08
3.92751e-08
3.76292e-08
1.93474e-08
-7.31013e-09
-3.04614e-08
-3.98968e-08
-3.15798e-08
-9.37015e-09
1.67636e-08
3.52167e-08
3.78993e-08
2.37813e-08
-7.22412e-10
-2.46645e-08
-3.74543e-08
-3.3541e-08
-1.48202e-08
1.02779e-08
3.0583e-08
3.71546e-08
2.72169e-08
5.32753e-09
-1.87101e-08
-3.42359e-08
-3.44593e-08
-1.94269e-08
4.06262e-09
2.5532e-08
3.54972e-08
2.96552e-08
1.07402e-08
-1.2753e-08
-3.03822e-08
-3.43982e-08
-2.31492e-08
-1.75571e-09
2.02186e-08
3.30409e-08
3.11186e-08
1.54371e-08
-6.93642e-09
-2.60367e-08
-3.34376e-08
-2.59681e-08
-7.06855e-09
1.47916e-08
2.99081e-08
3.16486e-08
1.93612e-08
-1.38997e-09
-2.1343e-08
-3.16709e-08
-2.78855e-08
-1.17864e-08
9.3914e-09
2.6227e-08
3.13041e-08
2.24763e-08
3.7722e-09
-1.64417e-08
-2.92023e-08
-2.89232e-08
8.66007e-08
-1.43814e-07
2.00209e-07
-2.54867e-07
3.06096e-07
-3.51227e-07
3.86471e-07
-4.0685e-07
4.0629e-07
-3.77921e-07
3.14688e-07
-2.10347e-07
6.08739e-08
1.33711e-07
-3.67257e-07
6.25415e-07
-8.84091e-07
1.10911e-06
-1.25793e-06
1.28422e-06
-1.14604e-06
8.1666e-07
-2.99518e-07
-3.64113e-07
1.07204e-06
-1.71132e-06
2.03749e-06
-2.11214e-06
1.23799e-06
-1.0419e-06
-2.43312e-06
-1.51809e-06
-1.17412e-05
-1.69035e-05
-4.50807e-05
-9.15782e-05
-0.000182045
-0.000362836
-0.000662744
-0.00118683
-0.00200707
-0.00321907
-0.00490939
-0.00701553
-0.009402
-0.0116963
-0.013325
-0.0137276
-0.0123918
-0.00927514
-0.00499634
-0.000607417
0.00253353
0.003506
0.00247102
0.000389483
-0.00129618
-0.00151879
-0.000581083
0.000486636
0.000882952
0.00033371
-0.000430947
-0.000445609
1.66262e-05
0.00023276
0.000194938
-2.71652e-05
-0.000284305
-5.8559e-05
0.00031916
1.74416e-05
-0.000350857
5.45159e-05
0.00026227
-0.000361453
-0.000507995
5.44083e-05
-0.00037946
-0.00164848
-0.00181339
-0.0020556
-0.00400114
-0.00643192
-0.00762484
-0.00819782
-0.00919805
-0.00944278
-0.0070689
-0.00262489
0.0012568
0.00285353
0.00264293
0.00177357
0.000577823
-0.000940393
-0.00205877
-0.00173595
0
