-6.12154e-08
-5.06737e-08
-1.78659e-08
2.24059e-08
5.22371e-08
5.85762e-08
3.89297e-08
2.32481e-09
-3.4832e-08
-5.61042e-08
-5.22914e-08
-2.54027e-08
1.23762e-08
4.42007e-08
5.60739e-08
4.29983e-08
1.10707e-08
-2.53532e-08
-5.01097e-08
-5.23964e-08
-3.14807e-08
3.10075e-09
3.58864e-08
5.23988e-08
4.55339e-08
1.86121e-08
-1.6217e-08
-4.3454e-08
-5.11438e-08
-3.61192e-08
-5.29631e-09
2.75044e-08
4.77516e-08
4.66378e-08
2.49063e-08
-7.58956e-09
-3.63506e-08
-4.86982e-08
-3.93602e-08
-1.2717e-08
1.92473e-08
4.23324e-08
4.64274e-08
2.99361e-08
3.8655e-10
-2.90023e-08
-4.5231e-08
-4.12673e-08
-1.90895e-08
1.12889e-08
3.63377e-08
4.50338e-08
3.37092e-08
7.59309e-09
-2.1599e-08
-4.09181e-08
-4.19235e-08
-2.43677e-08
3.7824e-09
2.99584e-08
4.25994e-08
3.62562e-08
1.39364e-08
-1.43156e-08
-3.59363e-08
-4.14285e-08
-2.85303e-08
-3.14042e-09
2.33765e-08
3.92751e-08
3.76292e-08
1.93474e-08
-7.31013e-09
-3.04614e-08
-3.98968e-08
-3.15798e-08
-9.37015e-09
1.67636e-08
3.52167e-08
3.78993e-08
2.37813e-08
-7.22412e-10
-2.46645e-08
-3.74543e-08
-3.3541e-08
-1.48202e-08
1.02779e-08
3.0583e-08
3.71546e-08
2.72169e-08
5.32753e-09
-1.87101e-08
-3.42359e-08
-3.44593e-08
-1.94269e-08
4.06262e-09
2.5532e-08
3.54972e-08
2.96552e-08
1.07402e-08
-1.2753e-08
1.65291e-08
-2.55447e-08
4.32318e-08
-7.29216e-08
1.17693e-07
-1.80092e-07
2.61689e-07
-3.62459e-07
4.80005e-07
-6.08659e-07
7.38619e-07
-8.55295e-07
9.39206e-07
-9.66808e-07
9.12702e-07
-7.53595e-07
4.74165e-07
-7.44999e-08
-4.21948e-07
9.61899e-07
-1.46024e-06
1.80602e-06
-1.87967e-06
1.5827e-06
-8.77149e-07
-1.73802e-07
1.37922e-06
-2.42734e-06
2.94377e-06
-2.60666e-06
1.30004e-06
7.4521e-07
-2.90262e-06
4.26897e-06
-4.0007e-06
1.75015e-06
1.83901e-06
-5.34157e-06
6.30647e-06
-4.51775e-06
-2.6917e-06
4.47221e-06
-1.68636e-05
-1.14476e-05
-3.34349e-05
-9.44396e-05
-0.000155293
-0.000336128
-0.000648791
-0.00112439
-0.00197997
-0.0032271
-0.00490085
-0.00713718
-0.00960881
-0.0118787
-0.0135841
-0.0138833
-0.01221
-0.00893026
-0.00455584
-6.29786e-05
0.00272982
0.00307607
0.00191535
8.96818e-05
-0.00151721
-0.00140199
0.000177912
0.000849806
0.000107246
-0.000126067
0.000301872
-0.000215552
-0.000889378
0.000237583
0.00152696
2.41632e-05
-0.00226647
-0.000785189
0.00251621
0.00175184
-0.00207924
-0.00305902
0.000526746
0.00367189
0.00162731
-0.00386565
-0.00692266
-0.00472068
-0.000858248
-0.00176516
-0.0105985
-0.0244857
-0.036718
-0.0411285
-0.035133
-0.0200985
0
