-3.14807e-08
3.10075e-09
3.58864e-08
5.23988e-08
4.55339e-08
1.86121e-08
-1.6217e-08
-4.3454e-08
-5.11438e-08
-3.61192e-08
-5.29631e-09
2.75044e-08
4.77516e-08
4.66378e-08
2.49063e-08
-7.58956e-09
-3.63506e-08
-4.86982e-08
-3.93602e-08
-1.2717e-08
1.92473e-08
4.23324e-08
4.64274e-08
2.99361e-08
3.8655e-10
-2.90023e-08
-4.5231e-08
-4.12673e-08
-1.90895e-08
1.12889e-08
3.63377e-08
4.50338e-08
3.37092e-08
7.59309e-09
-2.1599e-08
-4.09181e-08
-4.19235e-08
-2.43677e-08
3.7824e-09
2.99584e-08
4.25994e-08
3.62562e-08
1.39364e-08
-1.43156e-08
-3.59363e-08
-4.14285e-08
-2.85303e-08
-3.14042e-09
2.33765e-08
3.92751e-08
3.76292e-08
1.93474e-08
-7.31013e-09
-3.04614e-08
-3.98968e-08
-3.15798e-08
-9.37015e-09
1.67636e-08
3.52167e-08
3.78993e-08
2.37813e-08
-7.22412e-10
-2.46645e-08
-3.74543e-08
-3.3541e-08
-1.48202e-08
1.02779e-08
3.0583e-08
3.71546e-08
2.72169e-08
5.32753e-09
-1.87101e-08
-3.42359e-08
-3.44593e-08
-1.94269e-08
4.06262e-09
2.5532e-08
3.54972e-08
2.96552e-08
1.07402e-08
-1.2753e-08
-3.03822e-08
-3.43982e-08
-2.31492e-08
-1.75571e-09
2.02186e-08
3.30409e-08
3.11186e-08
1.54371e-08
-6.93642e-09
-2.60367e-08
-3.34376e-08
-2.59681e-08
-7.06855e-09
1.47916e-08
2.99081e-08
3.16486e-08
1.93612e-08
-1.38997e-09
-2.1343e-08
-3.16709e-08
8.50204e-08
-1.40167e-07
1.9823e-07
-2.59757e-07
3.24458e-07
-3.90919e-07
4.56291e-07
-5.16008e-07
5.63586e-07
-5.90596e-07
5.86933e-07
-5.41528e-07
4.43643e-07
-2.84854e-07
6.17293e-08
2.20966e-07
-5.4697e-07
8.85897e-07
-1.19238e-06
1.40837e-06
-1.46983e-06
1.31884e-06
-9.20552e-07
2.82837e-07
5.25924e-07
-1.36941e-06
2.05008e-06
-2.35256e-06
2.07653e-06
-1.19944e-06
-2.96952e-07
1.68691e-06
-3.4922e-06
2.39407e-06
-5.06372e-06
-5.84195e-06
-1.19353e-05
-3.64852e-05
-6.38942e-05
-0.000144776
-0.000283106
-0.0005296
-0.000978474
-0.00167534
-0.00275953
-0.0043038
-0.00628628
-0.00865246
-0.0110475
-0.0129606
-0.0138359
-0.013035
-0.0103905
-0.00635553
-0.00181768
0.00180728
0.00337707
0.00284514
0.000935327
-0.000992433
-0.00155069
-0.000776756
0.00025495
0.000819097
0.000535367
-0.000323396
-0.000571546
3.22321e-05
0.000299363
1.08008e-05
-4.10116e-06
4.12507e-05
-0.000241784
-8.81235e-05
0.000445127
8.04573e-05
-0.000686727
-0.000125277
0.000827361
-8.53532e-05
-0.00138533
-0.000815699
-0.00017817
-0.00183105
-0.00456378
-0.00601978
-0.00682383
-0.00931641
-0.0133057
-0.0156391
-0.0140157
-0.00950549
-0.00483139
-0.00134563
0.00143603
0.00389487
0.00504652
0.003628
0
