-3.03124e-08
-6.33305e-08
-6.78698e-08
-4.234e-08
1.53722e-09
4.41021e-08
6.65592e-08
5.92703e-08
2.5882e-08
-1.84763e-08
-5.40411e-08
-6.52149e-08
-4.73999e-08
-8.87577e-09
3.30397e-08
5.97698e-08
5.97067e-08
3.32453e-08
-7.55625e-09
-4.44648e-08
-6.12154e-08
-5.06737e-08
-1.78659e-08
2.24059e-08
5.22371e-08
5.85762e-08
3.89297e-08
2.32481e-09
-3.4832e-08
-5.61042e-08
-5.22914e-08
-2.54027e-08
1.23762e-08
4.42007e-08
5.60739e-08
4.29983e-08
1.10707e-08
-2.53532e-08
-5.01097e-08
-5.23964e-08
-3.14807e-08
3.10075e-09
3.58864e-08
5.23988e-08
4.55339e-08
1.86121e-08
-1.6217e-08
-4.3454e-08
-5.11438e-08
-3.61192e-08
-5.29631e-09
2.75044e-08
4.77516e-08
4.66378e-08
2.49063e-08
-7.58956e-09
-3.63506e-08
-4.86982e-08
-3.93602e-08
-1.2717e-08
1.92473e-08
4.23324e-08
4.64274e-08
2.99361e-08
3.8655e-10
-2.90023e-08
-4.5231e-08
-4.12673e-08
-1.90895e-08
1.12889e-08
3.63377e-08
4.50338e-08
3.37092e-08
7.59309e-09
-2.1599e-08
-4.09181e-08
-4.19235e-08
-2.43677e-08
3.7824e-09
2.99584e-08
4.25994e-08
3.62562e-08
1.39364e-08
-1.43156e-08
-3.59363e-08
-4.14285e-08
-2.85303e-08
-3.14042e-09
2.33765e-08
3.92751e-08
3.76292e-08
1.93474e-08
-7.31013e-09
-3.04614e-08
-3.98968e-08
-3.15798e-08
-9.37015e-09
1.67636e-08
3.52167e-08
3.78993e-08
2.37813e-08
-8.38081e-08
1.39994e-07
-1.89679e-07
2.29448e-07
-2.54916e-07
2.6065e-07
-2.40293e-07
1.86982e-07
-9.41691e-08
-4.30686e-08
2.26175e-07
-4.50785e-07
7.0415e-07
-9.62807e-07
1.1913e-06
-1.34304e-06
1.36461e-06
-1.20457e-06
8.27264e-07
-2.30512e-07
-5.36065e-07
1.35819e-06
-2.058e-06
2.41806e-06
-2.23413e-06
1.39369e-06
3.69946e-08
-1.75157e-06
3.21413e-06
-3.7827e-06
2.95403e-06
-6.73162e-07
-2.42764e-06
5.04812e-06
-5.64742e-06
3.25516e-06
1.64938e-06
-6.77671e-06
8.77593e-06
-5.19496e-06
-3.20556e-06
1.15253e-05
-1.29203e-05
3.6512e-06
1.16544e-05
-2.11787e-05
1.21161e-05
1.01307e-05
-3.48632e-05
1.46745e-05
-4.48621e-06
-9.31348e-05
-6.38535e-05
-0.000167735
-0.000474581
-0.000722893
-0.00127258
-0.00242055
-0.00375346
-0.0054803
-0.00809946
-0.0107449
-0.0125321
-0.0138133
-0.013952
-0.0112678
-0.00658442
-0.00260111
0.000362704
0.00319628
0.00391824
0.000672113
-0.00281288
-0.00148595
0.00232578
0.00170292
-0.0031896
-0.00388386
0.0031147
0.00851191
0.00116322
-0.00926005
-0.00945605
0.00227479
0.014163
0.0134796
-0.00116573
-0.019023
-0.0263757
-0.0163672
0.00772043
0.0360962
0.0586886
0.0696003
0.0680905
0.0569367
0.0400002
0.0204228
0
