-5.22914e-08
-2.54027e-08
1.23762e-08
4.42007e-08
5.60739e-08
4.29983e-08
1.10707e-08
-2.53532e-08
-5.01097e-08
-5.23964e-08
-3.14807e-08
3.10075e-09
3.58864e-08
5.23988e-08
4.55339e-08
1.86121e-08
-1.6217e-08
-4.3454e-08
-5.11438e-08
-3.61192e-08
-5.29631e-09
2.75044e-08
4.77516e-08
4.66378e-08
2.49063e-08
-7.58956e-09
-3.63506e-08
-4.86982e-08
-3.93602e-08
-1.2717e-08
1.92473e-08
4.23324e-08
4.64274e-08
2.99361e-08
3.8655e-10
-2.90023e-08
-4.5231e-08
-4.12673e-08
-1.90895e-08
1.12889e-08
3.63377e-08
4.50338e-08
3.37092e-08
7.59309e-09
-2.1599e-08
-4.09181e-08
-4.19235e-08
-2.43677e-08
3.7824e-09
2.99584e-08
4.25994e-08
3.62562e-08
1.39364e-08
-1.43156e-08
-3.59363e-08
-4.14285e-08
-2.85303e-08
-3.14042e-09
2.33765e-08
3.92751e-08
3.76292e-08
1.93474e-08
-7.31013e-09
-3.04614e-08
-3.98968e-08
-3.15798e-08
-9.37015e-09
1.67636e-08
3.52167e-08
3.78993e-08
2.37813e-08
-7.22412e-10
-2.46645e-08
-3.74543e-08
-3.3541e-08
-1.48202e-08
1.02779e-08
3.0583e-08
3.71546e-08
2.72169e-08
5.32753e-09
-1.87101e-08
-3.42359e-08
-3.44593e-08
-1.94269e-08
4.06262e-09
2.5532e-08
3.54972e-08
2.96552e-08
1.07402e-08
-1.2753e-08
-3.03822e-08
-3.43982e-08
-2.31492e-08
-1.75571e-09
2.02186e-08
3.30409e-08
3.11186e-08
1.54371e-08
-6.93642e-09
-2.60367e-08
6.01574e-08
-9.81817e-08
1.42625e-07
-1.95585e-07
2.58496e-07
-3.31805e-07
4.14549e-07
-5.03867e-07
5.94485e-07
-6.78257e-07
7.43919e-07
-7.77235e-07
7.6178e-07
-6.80625e-07
5.19121e-07
-2.68836e-07
-6.75622e-08
4.71149e-07
-9.02532e-07
1.30036e-06
-1.58479e-06
1.66792e-06
-1.47248e-06
9.57613e-07
-1.47533e-07
-8.45434e-07
1.81538e-06
-2.4879e-06
2.58317e-06
-1.91621e-06
5.03262e-07
1.34106e-06
-3.05939e-06
3.84097e-06
-3.33741e-06
7.70756e-07
1.41674e-06
-6.60914e-06
1.29238e-06
-1.36059e-05
-2.46332e-05
-4.49053e-05
-0.000116461
-0.000213939
-0.000422625
-0.00079891
-0.00138249
-0.00234764
-0.0037395
-0.00558068
-0.00789455
-0.0103415
-0.0124763
-0.0137898
-0.0135248
-0.011377
-0.00769049
-0.00312762
0.000946252
0.0030844
0.00306702
0.00150268
-0.000586356
-0.00159255
-0.000921967
0.000136863
0.000591329
0.000595046
7.4371e-05
-0.000667307
-0.000397816
0.000593248
0.000414221
-0.000616835
-0.000304766
0.00078574
0.000198878
-0.00111362
-0.000218769
0.0015878
0.000254062
-0.00174566
-0.00093459
0.00115545
0.000601036
-0.00261591
-0.00482227
-0.00445666
-0.00452358
-0.00852239
-0.0157165
-0.0216216
-0.0225361
-0.018689
-0.0131653
-0.00864623
-0.00556574
-0.00291021
0
