7.51686e-08
-1.29449e-07
-2.69348e-07
-2.84587e-07
-1.72728e-07
1.2137e-08
1.85389e-07
2.70482e-07
2.32606e-07
9.2674e-08
-8.38453e-08
-2.17446e-07
-2.50273e-07
-1.71021e-07
-1.84089e-08
1.37596e-07
2.27757e-07
2.14181e-07
1.06091e-07
-4.57425e-08
-1.72754e-07
-2.19457e-07
-1.67577e-07
-4.29997e-08
9.70012e-08
1.90023e-07
1.96264e-07
1.15452e-07
-1.41883e-08
-1.33935e-07
-1.91101e-07
-1.62143e-07
-6.22356e-08
6.25061e-08
1.56255e-07
1.78397e-07
1.21051e-07
1.16703e-08
-1.00031e-07
-1.6462e-07
-1.54765e-07
-7.67311e-08
3.32628e-08
1.25801e-07
1.60429e-07
1.23284e-07
3.25485e-08
-7.03726e-08
-1.39709e-07
-1.45637e-07
-8.70547e-08
8.62309e-09
9.82518e-08
1.42377e-07
1.22563e-07
4.90394e-08
-4.44841e-08
-1.16239e-07
-1.35019e-07
-9.37176e-08
-1.19173e-08
7.33529e-08
1.24351e-07
1.19298e-07
6.1641e-08
-2.20204e-08
-9.41763e-08
-1.23199e-07
-9.7179e-08
-2.87627e-08
5.09476e-08
1.0651e-07
1.13879e-07
7.07824e-08
-2.71982e-09
-7.35489e-08
-1.10473e-07
-9.78561e-08
-4.22512e-08
3.09361e-08
8.90349e-08
1.06675e-07
7.68435e-08
1.36281e-08
-5.44119e-08
-9.71301e-08
-9.61328e-08
-5.2678e-08
1.32493e-08
7.2111e-08
9.80348e-08
8.01703e-08
2.72042e-08
-3.68317e-08
-8.34499e-08
-9.23667e-08
-6.03115e-08
-2.16838e-09
5.59186e-08
8.8288e-08
8.10853e-08
-2.47487e-07
4.09527e-07
-5.61686e-07
6.91586e-07
-7.77458e-07
7.86529e-07
-6.75728e-07
3.96912e-07
9.05757e-08
-7.97503e-07
1.67237e-06
-2.56475e-06
3.20037e-06
-3.19742e-06
2.16313e-06
9.83088e-08
-3.28418e-06
6.32033e-06
-7.38175e-06
4.55418e-06
2.69299e-06
-1.17043e-05
1.60572e-05
-8.44641e-06
-1.20782e-05
3.24855e-05
-2.81097e-05
-1.52531e-05
6.86805e-05
-5.91606e-05
-5.3568e-05
0.000164152
-5.94085e-05
-0.000256729
0.000302057
0.000313671
-0.000746279
-0.000382891
0.00160297
0.00077401
-0.00331872
-0.00283075
0.00593795
0.0109992
-0.00328701
-0.0308472
-0.0377563
0.0127917
0.127901
0.275396
0.403598
0.471478
0.46685
0.40482
0.31373
0.220364
0.141737
0.0841421
0.046393
0.0238784
0.011521
0.00522903
0.00223909
0.000906817
0.000348081
0.000126864
4.39712e-05
1.4513e-05
4.56689e-06
1.37155e-06
3.93497e-07
1.07939e-07
2.83314e-08
7.12067e-09
1.71489e-09
3.95999e-10
8.77322e-11
1.86581e-11
3.80647e-12
7.20158e-13
1.2428e-13
2.06728e-14
3.31602e-15
5.13138e-16
7.6635e-17
1.10501e-17
1.5389e-18
2.0707e-19
2.69299e-20
3.38613e-21
4.11775e-22
4.84435e-23
5.51508e-24
6.07755e-25
6.48451e-26
6.70045e-27
6.70624e-28
6.44852e-29
0
