5.97308e-09
-4.2915e-08
-7.20835e-08
-6.89447e-08
-3.5379e-08
1.33169e-08
5.53931e-08
7.23532e-08
5.70776e-08
1.67979e-08
-3.03124e-08
-6.33305e-08
-6.78698e-08
-4.234e-08
1.53722e-09
4.41021e-08
6.65592e-08
5.92703e-08
2.5882e-08
-1.84763e-08
-5.40411e-08
-6.52149e-08
-4.73999e-08
-8.87577e-09
3.30397e-08
5.97698e-08
5.97067e-08
3.32453e-08
-7.55625e-09
-4.44648e-08
-6.12154e-08
-5.06737e-08
-1.78659e-08
2.24059e-08
5.22371e-08
5.85762e-08
3.89297e-08
2.32481e-09
-3.4832e-08
-5.61042e-08
-5.22914e-08
-2.54027e-08
1.23762e-08
4.42007e-08
5.60739e-08
4.29983e-08
1.10707e-08
-2.53532e-08
-5.01097e-08
-5.23964e-08
-3.14807e-08
3.10075e-09
3.58864e-08
5.23988e-08
4.55339e-08
1.86121e-08
-1.6217e-08
-4.3454e-08
-5.11438e-08
-3.61192e-08
-5.29631e-09
2.75044e-08
4.77516e-08
4.66378e-08
2.49063e-08
-7.58956e-09
-3.63506e-08
-4.86982e-08
-3.93602e-08
-1.2717e-08
1.92473e-08
4.23324e-08
4.64274e-08
2.99361e-08
3.8655e-10
-2.90023e-08
-4.5231e-08
-4.12673e-08
-1.90895e-08
1.12889e-08
3.63377e-08
4.50338e-08
3.37092e-08
7.59309e-09
-2.1599e-08
-4.09181e-08
-4.19235e-08
-2.43677e-08
3.7824e-09
2.99584e-08
4.25994e-08
3.62562e-08
1.39364e-08
-1.43156e-08
-3.59363e-08
-4.14285e-08
-2.85303e-08
-3.14042e-09
2.33765e-08
3.92751e-08
3.76292e-08
-1.1374e-07
1.88843e-07
-2.62069e-07
3.31478e-07
-3.93647e-07
4.4333e-07
-4.7325e-07
4.74141e-07
-4.3521e-07
3.452e-07
-1.94254e-07
-2.33038e-08
3.05308e-07
-6.3755e-07
9.89818e-07
-1.31351e-06
1.54267e-06
-1.60065e-06
1.41419e-06
-9.35337e-07
1.69143e-07
7.99499e-07
-1.79065e-06
2.54024e-06
-2.75044e-06
2.18421e-06
-7.90148e-07
-1.18269e-06
3.14504e-06
-4.27423e-06
3.80498e-06
-1.45611e-06
-2.17875e-06
5.54973e-06
-6.63441e-06
4.01351e-06
1.86892e-06
-8.11049e-06
1.03282e-05
-5.39952e-06
-5.30979e-06
1.48854e-05
-1.43939e-05
4.28795e-07
1.86165e-05
-2.52631e-05
7.34386e-06
2.50715e-05
-4.03428e-05
1.18257e-05
4.09938e-05
-6.37532e-05
-1.59974e-06
6.78069e-05
-0.000112872
-0.000117546
-1.17925e-06
-0.000356879
-0.000782363
-0.000921728
-0.00177212
-0.00353967
-0.00504969
-0.00669344
-0.0098205
-0.0129725
-0.0136257
-0.0127765
-0.0124015
-0.0102817
-0.00377629
0.00303902
0.00343178
-0.00113185
-0.00185148
0.00384515
0.00671313
-0.00138069
-0.0131714
-0.011687
0.00747307
0.02249
0.0164362
-0.00829253
-0.0328128
-0.0375666
-0.0158696
0.0239314
0.0658993
0.0960475
0.107929
0.102827
0.0865899
0.0659241
0.0459529
0.0293917
0.0168476
0.00754573
0
