8.90349e-08
1.06675e-07
7.68435e-08
1.36281e-08
-5.44119e-08
-9.71301e-08
-9.61328e-08
-5.2678e-08
1.32493e-08
7.2111e-08
9.80348e-08
8.01703e-08
2.72042e-08
-3.68317e-08
-8.34499e-08
-9.23667e-08
-6.03115e-08
-2.16838e-09
5.59186e-08
8.8288e-08
8.10853e-08
3.81748e-08
-2.08729e-08
-6.96949e-08
-8.68941e-08
-6.54049e-08
-1.53707e-08
4.06254e-08
7.77432e-08
7.98939e-08
4.67013e-08
-6.59121e-09
-5.6109e-08
-8.00328e-08
-6.82025e-08
-2.64174e-08
2.63817e-08
6.66889e-08
7.68891e-08
5.29462e-08
5.97308e-09
-4.2915e-08
-7.20835e-08
-6.89447e-08
-3.5379e-08
1.33169e-08
5.53931e-08
7.23532e-08
5.70776e-08
1.67979e-08
-3.03124e-08
-6.33305e-08
-6.78698e-08
-4.234e-08
1.53722e-09
4.41021e-08
6.65592e-08
5.92703e-08
2.5882e-08
-1.84763e-08
-5.40411e-08
-6.52149e-08
-4.73999e-08
-8.87577e-09
3.30397e-08
5.97698e-08
5.97067e-08
3.32453e-08
-7.55625e-09
-4.44648e-08
-6.12154e-08
-5.06737e-08
-1.78659e-08
2.24059e-08
5.22371e-08
5.85762e-08
3.89297e-08
2.32481e-09
-3.4832e-08
-5.61042e-08
-5.22914e-08
-2.54027e-08
1.23762e-08
4.42007e-08
5.60739e-08
4.29983e-08
1.10707e-08
-2.53532e-08
-5.01097e-08
-5.23964e-08
-3.14807e-08
3.10075e-09
3.58864e-08
5.23988e-08
4.55339e-08
1.86121e-08
-1.6217e-08
-4.3454e-08
-5.11438e-08
-3.61192e-08
-5.29631e-09
4.33269e-08
-7.22056e-08
8.57333e-08
-7.70904e-08
3.89181e-08
3.61964e-08
-1.54678e-07
3.20224e-07
-5.31315e-07
7.78059e-07
-1.03879e-06
1.27729e-06
-1.44196e-06
1.46902e-06
-1.29176e-06
8.57603e-07
-1.52853e-07
-7.68478e-07
1.76048e-06
-2.58016e-06
2.91902e-06
-2.48578e-06
1.13936e-06
9.58266e-07
-3.23897e-06
4.77446e-06
-4.56049e-06
2.04175e-06
2.29173e-06
-6.60762e-06
8.18966e-06
-4.87374e-06
-2.9766e-06
1.1267e-05
-1.34474e-05
4.95576e-06
1.12198e-05
-2.29262e-05
1.60807e-05
1.07834e-05
-3.681e-05
3.03455e-05
1.6915e-05
-6.33311e-05
4.38151e-05
4.83461e-05
-0.000111473
2.82525e-05
0.000143688
-0.000152779
-0.000112125
0.000303569
6.79154e-06
-0.000474086
0.000172784
0.000693801
-0.000423757
-0.00105535
0.00071766
0.00175921
-0.000890854
-0.0031424
0.000322358
0.00544128
0.00267354
-0.00743767
-0.0108045
0.00268248
0.0219524
0.0218251
-0.0102077
-0.0553598
-0.0727163
-0.0283305
0.080423
0.222808
0.353047
0.433779
0.450291
0.410791
0.301195
0.20227
0.125708
0.0728596
0.0396184
0.0203081
0.00985149
0.00453747
0.00198978
0.000832723
0.000333265
0.000127775
4.70057e-05
1.6615e-05
5.64954e-06
1.84913e-06
5.80025e-07
1.6305e-07
0
