-5.40411e-08
-6.52149e-08
-4.73999e-08
-8.87577e-09
3.30397e-08
5.97698e-08
5.97067e-08
3.32453e-08
-7.55625e-09
-4.44648e-08
-6.12154e-08
-5.06737e-08
-1.78659e-08
2.24059e-08
5.22371e-08
5.85762e-08
3.89297e-08
2.32481e-09
-3.4832e-08
-5.61042e-08
-5.22914e-08
-2.54027e-08
1.23762e-08
4.42007e-08
5.60739e-08
4.29983e-08
1.10707e-08
-2.53532e-08
-5.01097e-08
-5.23964e-08
-3.14807e-08
3.10075e-09
3.58864e-08
5.23988e-08
4.55339e-08
1.86121e-08
-1.6217e-08
-4.3454e-08
-5.11438e-08
-3.61192e-08
-5.29631e-09
2.75044e-08
4.77516e-08
4.66378e-08
2.49063e-08
-7.58956e-09
-3.63506e-08
-4.86982e-08
-3.93602e-08
-1.2717e-08
1.92473e-08
4.23324e-08
4.64274e-08
2.99361e-08
3.8655e-10
-2.90023e-08
-4.5231e-08
-4.12673e-08
-1.90895e-08
1.12889e-08
3.63377e-08
4.50338e-08
3.37092e-08
7.59309e-09
-2.1599e-08
-4.09181e-08
-4.19235e-08
-2.43677e-08
3.7824e-09
2.99584e-08
4.25994e-08
3.62562e-08
1.39364e-08
-1.43156e-08
-3.59363e-08
-4.14285e-08
-2.85303e-08
-3.14042e-09
2.33765e-08
3.92751e-08
3.76292e-08
1.93474e-08
-7.31013e-09
-3.04614e-08
-3.98968e-08
-3.15798e-08
-9.37015e-09
1.67636e-08
3.52167e-08
3.78993e-08
2.37813e-08
-7.22412e-10
-2.46645e-08
-3.74543e-08
-3.3541e-08
-1.48202e-08
1.02779e-08
3.0583e-08
3.71546e-08
2.72169e-08
5.32753e-09
-3.58963e-08
6.11667e-08
-7.76026e-08
8.13436e-08
-6.81964e-08
3.37756e-08
2.61488e-08
-1.15044e-07
2.34703e-07
-3.84028e-07
5.57566e-07
-7.43973e-07
9.24717e-07
-1.07353e-06
1.15723e-06
-1.13875e-06
9.82905e-07
-6.6528e-07
1.83672e-07
4.29772e-07
-1.09911e-06
1.70284e-06
-2.08556e-06
2.08764e-06
-1.59348e-06
5.91194e-07
7.73387e-07
-2.17543e-06
3.1528e-06
-3.23079e-06
2.12045e-06
6.54453e-08
-2.68369e-06
4.64439e-06
-4.78765e-06
2.49907e-06
1.68285e-06
-5.8866e-06
7.50685e-06
-4.7025e-06
-2.09573e-06
9.01269e-06
-1.15212e-05
4.2334e-06
5.1244e-06
-2.16757e-05
1.93651e-06
-2.44184e-05
-8.27639e-05
-0.000103682
-0.000261212
-0.000536038
-0.000895066
-0.00164185
-0.0027878
-0.00425518
-0.00635751
-0.0088952
-0.0112162
-0.0131491
-0.0141249
-0.0130017
-0.00991819
-0.00594777
-0.00151212
0.00230899
0.00339202
0.00184973
0.000262679
-0.000475147
-0.00130117
-0.00133782
0.000630042
0.00208046
9.21335e-05
-0.0024921
-0.000788925
0.00310345
0.00218793
-0.00356887
-0.00404624
0.00185497
0.00585966
0.00198491
-0.00540211
-0.00716856
-0.00039883
0.00834849
0.00996389
0.00154412
-0.0113684
-0.0197633
-0.0179585
-0.00689498
0.00736221
0.0176839
0.0195206
0.0125005
0
