3.63377e-08
4.50338e-08
3.37092e-08
7.59309e-09
-2.1599e-08
-4.09181e-08
-4.19235e-08
-2.43677e-08
3.7824e-09
2.99584e-08
4.25994e-08
3.62562e-08
1.39364e-08
-1.43156e-08
-3.59363e-08
-4.14285e-08
-2.85303e-08
-3.14042e-09
2.33765e-08
3.92751e-08
3.76292e-08
1.93474e-08
-7.31013e-09
-3.04614e-08
-3.98968e-08
-3.15798e-08
-9.37015e-09
1.67636e-08
3.52167e-08
3.78993e-08
2.37813e-08
-7.22412e-10
-2.46645e-08
-3.74543e-08
-3.3541e-08
-1.48202e-08
1.02779e-08
3.0583e-08
3.71546e-08
2.72169e-08
5.32753e-09
-1.87101e-08
-3.42359e-08
-3.44593e-08
-1.94269e-08
4.06262e-09
2.5532e-08
3.54972e-08
2.96552e-08
1.07402e-08
-1.2753e-08
-3.03822e-08
-3.43982e-08
-2.31492e-08
-1.75571e-09
2.02186e-08
3.30409e-08
3.11186e-08
1.54371e-08
-6.93642e-09
-2.60367e-08
-3.34376e-08
-2.59681e-08
-7.06855e-09
1.47916e-08
2.99081e-08
3.16486e-08
1.93612e-08
-1.38997e-09
-2.1343e-08
-3.16709e-08
-2.78855e-08
-1.17864e-08
9.3914e-09
2.6227e-08
3.13041e-08
2.24763e-08
3.7722e-09
-1.64417e-08
-2.92023e-08
-2.89232e-08
-1.58391e-08
4.14766e-09
2.21287e-08
3.01591e-08
2.47669e-08
8.45252e-09
-1.14684e-08
-2.61445e-08
-2.91208e-08
-1.91766e-08
-8.22507e-10
1.77444e-08
2.83004e-08
2.62369e-08
1.25711e-08
-6.55043e-09
-2.26153e-08
-2.85342e-08
-2.17682e-08
-5.41628e-09
3.13392e-08
-5.39132e-08
7.09267e-08
-7.99731e-08
7.84239e-08
-6.34694e-08
3.22486e-08
1.79036e-08
-8.90714e-08
1.82218e-07
-2.96503e-07
4.28475e-07
-5.71291e-07
7.13875e-07
-8.41026e-07
9.3215e-07
-9.67266e-07
9.14691e-07
-7.79113e-07
4.78147e-07
-2.13192e-07
-5.29369e-07
2.83869e-07
-2.59923e-06
-1.60096e-06
-9.16874e-06
-1.53637e-05
-3.76523e-05
-7.6977e-05
-0.000154917
-0.000304577
-0.000561866
-0.0010093
-0.00171387
-0.00278313
-0.0042841
-0.00622243
-0.00850481
-0.0108257
-0.0127419
-0.0136578
-0.0130346
-0.0106586
-0.00678632
-0.00232713
0.00146725
0.00349185
0.00328563
0.0014784
-0.000604579
-0.00169262
-0.00127796
-5.19215e-05
0.00083966
0.000784853
1.69485e-05
-0.000552583
-0.000373051
0.000122451
0.000347041
0.000137073
-0.000224055
-0.0001989
0.000119692
0.000137288
-5.67763e-05
-9.16662e-05
-8.46285e-05
-7.68904e-05
-8.38746e-05
-0.000361968
-0.000674938
-0.000754347
-0.00117799
-0.00205629
-0.00259205
-0.00296308
-0.00385106
-0.00441292
-0.00385007
-0.00378374
-0.00356322
-0.00216209
-0.000147034
0.00107957
0.00140439
0.00135621
0.000726729
-0.000542102
-0.001347
-0.000744768
0.000518634
0.000937633
0.000228326
-0.00051827
-0.000430014
0.000158427
0.000380638
0
