4.67013e-08
-6.59121e-09
-5.6109e-08
-8.00328e-08
-6.82025e-08
-2.64174e-08
2.63817e-08
6.66889e-08
7.68891e-08
5.29462e-08
5.97308e-09
-4.2915e-08
-7.20835e-08
-6.89447e-08
-3.5379e-08
1.33169e-08
5.53931e-08
7.23532e-08
5.70776e-08
1.67979e-08
-3.03124e-08
-6.33305e-08
-6.78698e-08
-4.234e-08
1.53722e-09
4.41021e-08
6.65592e-08
5.92703e-08
2.5882e-08
-1.84763e-08
-5.40411e-08
-6.52149e-08
-4.73999e-08
-8.87577e-09
3.30397e-08
5.97698e-08
5.97067e-08
3.32453e-08
-7.55625e-09
-4.44648e-08
-6.12154e-08
-5.06737e-08
-1.78659e-08
2.24059e-08
5.22371e-08
5.85762e-08
3.89297e-08
2.32481e-09
-3.4832e-08
-5.61042e-08
-5.22914e-08
-2.54027e-08
1.23762e-08
4.42007e-08
5.60739e-08
4.29983e-08
1.10707e-08
-2.53532e-08
-5.01097e-08
-5.23964e-08
-3.14807e-08
3.10075e-09
3.58864e-08
5.23988e-08
4.55339e-08
1.86121e-08
-1.6217e-08
-4.3454e-08
-5.11438e-08
-3.61192e-08
-5.29631e-09
2.75044e-08
4.77516e-08
4.66378e-08
2.49063e-08
-7.58956e-09
-3.63506e-08
-4.86982e-08
-3.93602e-08
-1.2717e-08
1.92473e-08
4.23324e-08
4.64274e-08
2.99361e-08
3.8655e-10
-2.90023e-08
-4.5231e-08
-4.12673e-08
-1.90895e-08
1.12889e-08
3.63377e-08
4.50338e-08
3.37092e-08
7.59309e-09
-2.1599e-08
-4.09181e-08
-4.19235e-08
-2.43677e-08
3.7824e-09
2.99584e-08
4.25994e-08
-1.15618e-07
1.91286e-07
-2.71112e-07
3.55457e-07
-4.42997e-07
5.30133e-07
-6.10401e-07
6.73997e-07
-7.07609e-07
6.94839e-07
-6.17545e-07
4.58484e-07
-2.05506e-07
-1.42693e-07
5.69784e-07
-1.0353e-06
1.47065e-06
-1.78099e-06
1.85644e-06
-1.59565e-06
9.4163e-07
7.52959e-08
-1.30019e-06
2.44203e-06
-3.11162e-06
2.92607e-06
-1.67458e-06
-4.97516e-07
2.97405e-06
-4.7359e-06
4.69623e-06
-2.27589e-06
-1.99517e-06
6.2466e-06
-7.82322e-06
4.73825e-06
2.52196e-06
-1.0102e-05
1.21798e-05
-4.94004e-06
-8.92798e-06
1.93298e-05
-1.48369e-05
-6.13044e-06
2.8215e-05
-2.73334e-05
-5.43761e-06
4.4244e-05
-4.243e-05
-1.60405e-05
7.61652e-05
-5.19674e-05
-6.04391e-05
0.000125802
-1.76569e-05
-0.000173975
0.000130928
0.000136221
-0.000347821
-0.000202707
0.000236251
-0.000508986
-0.00159138
-0.00140064
-0.00167709
-0.00467425
-0.00805182
-0.00862531
-0.00897796
-0.0132969
-0.0180816
-0.0151099
-0.00472121
0.00162223
-0.00361261
-0.0115252
-0.00600501
0.0146635
0.0304862
0.0176592
-0.0220121
-0.0536236
-0.0506229
-0.00885288
0.0545018
0.114517
0.152441
0.162053
0.14803
0.120336
0.0888516
0.0603931
0.0381486
0.0225511
0.012535
0.00655478
0.00317012
0.00125912
0
