1.92473e-08
4.23324e-08
4.64274e-08
2.99361e-08
3.8655e-10
-2.90023e-08
-4.5231e-08
-4.12673e-08
-1.90895e-08
1.12889e-08
3.63377e-08
4.50338e-08
3.37092e-08
7.59309e-09
-2.1599e-08
-4.09181e-08
-4.19235e-08
-2.43677e-08
3.7824e-09
2.99584e-08
4.25994e-08
3.62562e-08
1.39364e-08
-1.43156e-08
-3.59363e-08
-4.14285e-08
-2.85303e-08
-3.14042e-09
2.33765e-08
3.92751e-08
3.76292e-08
1.93474e-08
-7.31013e-09
-3.04614e-08
-3.98968e-08
-3.15798e-08
-9.37015e-09
1.67636e-08
3.52167e-08
3.78993e-08
2.37813e-08
-7.22412e-10
-2.46645e-08
-3.74543e-08
-3.3541e-08
-1.48202e-08
1.02779e-08
3.0583e-08
3.71546e-08
2.72169e-08
5.32753e-09
-1.87101e-08
-3.42359e-08
-3.44593e-08
-1.94269e-08
4.06262e-09
2.5532e-08
3.54972e-08
2.96552e-08
1.07402e-08
-1.2753e-08
-3.03822e-08
-3.43982e-08
-2.31492e-08
-1.75571e-09
2.02186e-08
3.30409e-08
3.11186e-08
1.54371e-08
-6.93642e-09
-2.60367e-08
-3.34376e-08
-2.59681e-08
-7.06855e-09
1.47916e-08
2.99081e-08
3.16486e-08
1.93612e-08
-1.38997e-09
-2.1343e-08
-3.16709e-08
-2.78855e-08
-1.17864e-08
9.3914e-09
2.6227e-08
3.13041e-08
2.24763e-08
3.7722e-09
-1.64417e-08
-2.92023e-08
-2.89232e-08
-1.58391e-08
4.14766e-09
2.21287e-08
3.01591e-08
2.47669e-08
8.45252e-09
-1.14684e-08
-2.61445e-08
-2.91208e-08
-1.91766e-08
6.6457e-08
-1.11427e-07
1.52539e-07
-1.87828e-07
2.14787e-07
-2.30287e-07
2.3059e-07
-2.11472e-07
1.68511e-07
-9.75873e-08
-4.37749e-09
1.38419e-07
-3.02311e-07
4.8923e-07
-6.86514e-07
8.74812e-07
-1.02819e-06
1.11528e-06
-1.10342e-06
9.61457e-07
-6.76e-07
2.34132e-07
2.89249e-07
-9.528e-07
1.31021e-06
-2.16661e-06
9.6993e-07
-3.76591e-06
-4.50829e-06
-1.19289e-05
-2.857e-05
-5.57067e-05
-0.000122637
-0.000235294
-0.000452991
-0.000824149
-0.00142923
-0.00237665
-0.00372831
-0.00554969
-0.00775994
-0.0101306
-0.0122668
-0.0135612
-0.0134603
-0.0115964
-0.00806386
-0.00364404
0.000493687
0.00309934
0.00346946
0.00200467
-0.000126539
-0.00153333
-0.00143158
-0.000327087
0.000686769
0.000855581
0.000168986
-0.000491882
-0.000411386
4.60288e-05
0.000304779
0.000197458
-0.000165254
-0.000255473
9.8843e-05
0.00019344
-9.95593e-05
-0.000106807
3.77913e-05
-0.000115831
-0.000181789
-0.000125725
-0.000506171
-0.000940846
-0.000963495
-0.0014438
-0.00264378
-0.00323433
-0.00374993
-0.00516037
-0.00654117
-0.00636022
-0.00506477
-0.00367975
-0.00184536
0.000773508
0.00278058
0.00257339
0.000648612
-0.000992039
-0.00122629
-0.000578779
3.95612e-05
0.000356854
0.000470357
0.000354132
0
