8.10853e-08
3.81748e-08
-2.08729e-08
-6.96949e-08
-8.68941e-08
-6.54049e-08
-1.53707e-08
4.06254e-08
7.77432e-08
7.98939e-08
4.67013e-08
-6.59121e-09
-5.6109e-08
-8.00328e-08
-6.82025e-08
-2.64174e-08
2.63817e-08
6.66889e-08
7.68891e-08
5.29462e-08
5.97308e-09
-4.2915e-08
-7.20835e-08
-6.89447e-08
-3.5379e-08
1.33169e-08
5.53931e-08
7.23532e-08
5.70776e-08
1.67979e-08
-3.03124e-08
-6.33305e-08
-6.78698e-08
-4.234e-08
1.53722e-09
4.41021e-08
6.65592e-08
5.92703e-08
2.5882e-08
-1.84763e-08
-5.40411e-08
-6.52149e-08
-4.73999e-08
-8.87577e-09
3.30397e-08
5.97698e-08
5.97067e-08
3.32453e-08
-7.55625e-09
-4.44648e-08
-6.12154e-08
-5.06737e-08
-1.78659e-08
2.24059e-08
5.22371e-08
5.85762e-08
3.89297e-08
2.32481e-09
-3.4832e-08
-5.61042e-08
-5.22914e-08
-2.54027e-08
1.23762e-08
4.42007e-08
5.60739e-08
4.29983e-08
1.10707e-08
-2.53532e-08
-5.01097e-08
-5.23964e-08
-3.14807e-08
3.10075e-09
3.58864e-08
5.23988e-08
4.55339e-08
1.86121e-08
-1.6217e-08
-4.3454e-08
-5.11438e-08
-3.61192e-08
-5.29631e-09
2.75044e-08
4.77516e-08
4.66378e-08
2.49063e-08
-7.58956e-09
-3.63506e-08
-4.86982e-08
-3.93602e-08
-1.2717e-08
1.92473e-08
4.23324e-08
4.64274e-08
2.99361e-08
3.8655e-10
-2.90023e-08
-4.5231e-08
-4.12673e-08
-1.90895e-08
1.12889e-08
3.63377e-08
-8.57884e-08
1.41483e-07
-2.07342e-07
2.86397e-07
-3.80244e-07
4.88302e-07
-6.0688e-07
7.28131e-07
-8.39069e-07
9.20963e-07
-9.49576e-07
8.9686e-07
-7.3477e-07
4.41728e-07
-1.1765e-08
-5.34514e-07
1.13948e-06
-1.7026e-06
2.08483e-06
-2.12937e-06
1.7027e-06
-7.53887e-07
-6.20288e-07
2.13043e-06
-3.30618e-06
3.60007e-06
-2.59552e-06
2.78585e-07
2.73938e-06
-5.21953e-06
5.6724e-06
-3.12887e-06
-1.9611e-06
7.27896e-06
-9.30351e-06
5.33369e-06
3.91012e-06
-1.30351e-05
1.42049e-05
-3.10862e-06
-1.48445e-05
2.46395e-05
-1.2448e-05
-1.8008e-05
3.97213e-05
-2.23704e-05
-3.02037e-05
6.48516e-05
-2.48744e-05
-6.81281e-05
9.95723e-05
1.11069e-05
-0.000153892
0.000100071
0.00015693
-0.000246236
-9.66052e-05
0.00041371
-2.94814e-05
-0.000625021
0.00018613
0.000872497
-0.000487785
-0.00158838
0.000161152
0.00158865
-0.00156648
-0.00604203
-0.00498689
-0.000288859
-0.00257966
-0.015514
-0.0264082
-0.0193298
0.00342101
0.0184685
0.0033665
-0.0383247
-0.0738878
-0.0632591
0.0116302
0.109421
0.19267
0.237539
0.239952
0.210513
0.165262
0.118219
0.0780055
0.0478987
0.0275543
0.0149282
0.00764947
0.00372022
0.0017218
0.000758809
0.000314886
0.000111358
0
