0.00012341
-0.00012341
0.00012341
-0.00012341
0.00012341
-0.00012341
0.00012341
-0.00012341
0.00012341
-0.00012341
0.00012341
-0.00012341
0.00012341
-0.00012341
0.00012341
-0.00012341
0.00012341
-0.00012341
0.00012341
-0.00012341
0.00012341
-0.00012341
0.00012341
-0.00012341
0.00012341
-0.00012341
0.00012341
-0.00012341
0.00012341
-0.00012341
0.00012341
-0.00012341
0.00012341
-0.00012341
0.00012341
-0.00012341
0.00012341
-0.00012341
0.00012341
-0.00012341
0.00012341
-0.00012341
0.00012341
-0.00012341
0.00012341
-0.00012341
0.00012341
-0.00012341
0.00012341
-0.00012341
0.00012341
-0.00012341
0.00012341
-0.00012341
0.00012341
-0.00012341
0.00012341
-0.00012341
0.00012341
-0.00012341
0.00012341
-0.00012341
0.00012341
-0.00012341
0.00012341
-0.00012341
0.00012341
-0.00012341
0.00012341
-0.00012341
0.00012341
-0.00012341
0.00012341
-0.00012341
0.00012341
-0.00012341
0.00012341
-0.00012341
0.00012341
-0.00012341
0.00012341
-0.00012341
0.00012341
-0.00012341
0.00012341
-0.00012341
0.00012341
-0.00012341
0.00012341
-0.00012341
0.00012341
-0.00012341
0.00012341
-0.00012341
0.00012341
-0.00012341
0.00012341
-0.00012341
0.00012341
-0.00012341
0.00012341
-0.00012341
0.00012341
-0.00012341
0.00012341
-0.00012341
0.00012341
-0.00012341
0.00012341
-0.00012341
0.00012341
-0.00012341
0.00012341
-0.00012341
0.00012341
-0.00012341
0.00012341
-0.00012341
0.00012341
-0.00012341
0.00012341
-0.00012341
0.00012341
-0.00012341
0.00012341
-0.00012341
0.00012341
-0.00012341
0.00012341
-0.00012341
0.00012341
-0.00012341
0.00012341
-0.00012341
0.00012341
-0.00012341
0.00012341
-0.00012341
0.00012341
-0.00012341
0.00012341
-0.00012341
0.00012341
-0.00012341
0.00012341
-0.00012341
0.00012341
-0.00012341
0.00012341
-0.00012341
0.00012341
-0.00012341
0.00012341
-0.00012341
0.00012341
-0.00012341
0.00012341
-0.00012341
0.00012341
-0.00012341
0.00012341
-0.00012341
0.00012341
-0.00012341
0.00012341
-0.00012341
0.00012341
-0.00012341
0.00012341
-0.00012341
0.00012341
-0.00012341
0.00012341
-0.00012341
0.00012341
-0.00012341
0.00012341
-0.00012341
0.00012341
-0.00012341
0.00012341
-0.00012341
0.00012341
-0.00012341
0.00012341
-0.000123409
0.000123411
-0.000123406
0.000123419
-0.000123388
0.00012346
-0.000123297
0.000123658
-0.000122874
0.000124544
-0.000121057
0.000128195
-0.00011387
0.000142054
-8.7697e-05
