0.00012341
-0.00012341
0.00012341
-0.00012341
0.00012341
-0.00012341
0.00012341
-0.00012341
0.00012341
-0.00012341
0.00012341
-0.00012341
0.00012341
-0.00012341
0.00012341
-0.00012341
0.00012341
-0.00012341
0.00012341
-0.00012341
0.00012341
-0.00012341
0.00012341
-0.00012341
0.00012341
-0.00012341
0.00012341
-0.00012341
0.00012341
-0.00012341
0.00012341
-0.00012341
0.00012341
-0.00012341
0.00012341
-0.00012341
0.00012341
-0.00012341
0.00012341
-0.00012341
0.00012341
-0.00012341
0.00012341
-0.00012341
0.00012341
-0.00012341
0.00012341
-0.00012341
0.00012341
-0.00012341
0.00012341
-0.00012341
0.00012341
-0.00012341
0.00012341
-0.00012341
0.00012341
-0.00012341
0.00012341
-0.00012341
0.00012341
-0.00012341
0.00012341
-0.00012341
0.00012341
-0.00012341
0.00012341
-0.00012341
0.00012341
-0.00012341
0.00012341
-0.00012341
0.00012341
-0.00012341
0.00012341
-0.00012341
0.00012341
-0.00012341
0.00012341
-0.00012341
0.00012341
-0.00012341
0.00012341
-0.00012341
0.00012341
-0.00012341
0.00012341
-0.00012341
0.00012341
-0.00012341
0.00012341
-0.00012341
0.00012341
-0.00012341
0.00012341
-0.00012341
0.00012341
-0.00012341
0.00012341
-0.00012341
0.00012341
-0.00012341
0.00012341
-0.00012341
0.00012341
-0.00012341
0.00012341
-0.00012341
0.00012341
-0.00012341
0.00012341
-0.00012341
0.00012341
-0.00012341
0.00012341
-0.00012341
0.00012341
-0.00012341
0.00012341
-0.00012341
0.00012341
-0.00012341
0.00012341
-0.00012341
0.00012341
-0.00012341
0.00012341
-0.00012341
0.00012341
-0.00012341
0.00012341
-0.00012341
0.00012341
-0.00012341
0.00012341
-0.00012341
0.00012341
-0.00012341
0.00012341
-0.00012341
0.00012341
-0.00012341
0.00012341
-0.00012341
0.00012341
-0.00012341
0.00012341
-0.00012341
0.00012341
-0.00012341
0.00012341
-0.00012341
0.00012341
-0.00012341
0.00012341
-0.00012341
0.00012341
-0.00012341
0.00012341
-0.00012341
0.00012341
-0.00012341
0.00012341
-0.00012341
0.00012341
-0.00012341
0.00012341
-0.00012341
0.00012341
-0.00012341
0.00012341
-0.00012341
0.00012341
-0.00012341
0.00012341
-0.00012341
0.00012341
-0.00012341
0.00012341
-0.00012341
0.00012341
-0.00012341
0.00012341
-0.00012341
0.00012341
-0.00012341
0.00012341
-0.00012341
0.00012341
-0.00012341
0.00012341
-0.00012341
0.00012341
-0.00012341
0.00012341
-0.000123409
0.000123411
-0.000123406
0.000123419
-0.000123388
