0.00012341
-0.00012341
0.00012341
-0.00012341
0.00012341
-0.00012341
0.00012341
-0.00012341
0.00012341
-0.00012341
0.00012341
-0.00012341
0.00012341
-0.00012341
0.00012341
-0.00012341
0.00012341
-0.00012341
0.00012341
-0.00012341
0.00012341
-0.00012341
0.00012341
-0.00012341
0.00012341
-0.00012341
0.00012341
-0.00012341
0.00012341
-0.00012341
0.00012341
-0.00012341
0.00012341
-0.00012341
0.00012341
-0.00012341
0.00012341
-0.00012341
0.00012341
-0.00012341
0.00012341
-0.00012341
0.00012341
-0.00012341
0.00012341
-0.00012341
0.00012341
-0.00012341
0.00012341
-0.00012341
0.00012341
-0.00012341
0.00012341
-0.00012341
0.00012341
-0.00012341
0.00012341
-0.00012341
0.00012341
-0.00012341
0.00012341
-0.00012341
0.00012341
-0.00012341
0.00012341
-0.00012341
0.00012341
-0.00012341
0.00012341
-0.00012341
0.00012341
-0.00012341
0.00012341
-0.00012341
0.00012341
-0.00012341
0.00012341
-0.00012341
0.00012341
-0.00012341
0.00012341
-0.00012341
0.00012341
-0.00012341
0.00012341
-0.00012341
0.00012341
-0.00012341
0.00012341
-0.00012341
0.00012341
-0.00012341
0.00012341
-0.00012341
0.00012341
-0.00012341
0.00012341
-0.00012341
0.00012341
-0.00012341
0.00012341
-0.00012341
0.00012341
-0.00012341
0.00012341
-0.00012341
0.00012341
-0.00012341
0.00012341
-0.00012341
0.00012341
-0.00012341
0.00012341
-0.00012341
0.00012341
-0.00012341
0.00012341
-0.00012341
0.00012341
-0.00012341
0.00012341
-0.00012341
0.00012341
-0.00012341
0.00012341
-0.00012341
0.00012341
-0.00012341
0.00012341
-0.00012341
0.00012341
-0.00012341
0.00012341
-0.00012341
0.00012341
-0.00012341
0.00012341
-0.00012341
0.00012341
-0.00012341
0.00012341
-0.00012341
0.00012341
-0.00012341
0.00012341
-0.00012341
0.00012341
-0.00012341
0.00012341
-0.00012341
0.00012341
-0.00012341
0.00012341
-0.00012341
0.00012341
-0.00012341
0.00012341
-0.00012341
0.00012341
-0.00012341
0.00012341
-0.00012341
0.00012341
-0.00012341
0.00012341
-0.000123409
0.000123411
-0.000123406
0.000123419
-0.000123388
0.00012346
-0.000123297
0.000123658
-0.000122874
0.000124544
-0.000121057
0.000128195
-0.00011387
0.000142054
-8.7697e-05
0.000190465
-1.8052e-16
0.00034604
0.000270259
0.000805738
0.00103582
0.00205386
0.0030277
0.00516517
0.00778364
0.0122786
0.0181922
0.0271753
0.0390405
0.0556996
0.0771813
0.105523
0.140735
0.184643
0.236804
